year,acousticness,danceability,duration_ms,energy,explicit,instrumentalness,key,liveness,loudness,mode,popularity,speechiness,tempo,valence
2011,0.2394998959514618,0.5769396580253717,279579.4831770546,0.657764424710424,0.126861555432984,0.210333463662438,5.293436293436294,0.19969128516271398,-8.134242140099282,0.6668505239933812,32.86321014892444,0.0808616105901821,124.24133480419191,0.47095593491450666
2012,0.21352074936702392,0.5588412455334344,255291.65441551813,0.6870636906584997,0.13169984686064318,0.1928772152782033,5.264931087289433,0.22086636038795326,-7.6508718734048,0.6421643695763144,31.27820316488004,0.08543848902501287,123.38061051556916,0.4655762225625321
2013,0.18963156381388255,0.5938806636155596,284759.93363844394,0.6925949116323431,0.13234172387490464,0.3123900455034322,5.310450038138826,0.21504317315026736,-8.238653699466054,0.6186117467581999,24.382532418001524,0.0852790999237224,124.15971281464519,0.43330968726163277
2014,0.22676186994227332,0.586153063943162,264392.4857904085,0.6647777188277075,0.14875666074600355,0.25998195137655405,5.313499111900533,0.22244977797513324,-7.82685523978687,0.6323268206039077,29.107904085257548,0.0976274422735346,124.62149689165186,0.4386810834813505
2015,0.29163995326956504,0.5604550000000001,262678.8834782609,0.5912785065217381,0.1482608695652174,0.24428615511304355,5.223913043478261,0.19861113043478285,-9.230797391304339,0.6647826086956522,29.67217391304348,0.08257169565217387,120.87879260869578,0.43369676086956443
2016,0.22694365554278478,0.5815825457641538,258001.1864623244,0.6565469756492115,0.1753937845891869,0.20333247282673486,5.438484461472967,0.22141668795232022,-8.002875691783755,0.6360153256704981,29.212430821626224,0.09723163048105589,123.81492933163047,0.432452452107279
2017,0.20741324314935086,0.5804751855287571,243402.2495361781,0.686391820083488,0.22448979591836735,0.24706817012523197,5.318181818181818,0.23151298701298728,-8.02631910946198,0.6089981447124304,31.662337662337663,0.09671651205936928,121.82980658627099,0.4363133812615951
2018,0.23383613501842265,0.6027309137803987,227073.1400147384,0.6595520928518803,0.24023581429624172,0.22987447116801765,5.426676492262343,0.23100935887988258,-8.173433677229195,0.582903463522476,27.59948415622697,0.12104473102431824,123.64428813559311,0.4265663338246128
2019,0.26134430419063964,0.6031014169171321,225463.32632030913,0.6297811296693853,0.23529411764705882,0.22112332716616595,5.36839845427222,0.2185006869901247,-8.527674109059689,0.6011163589523401,32.34693001288107,0.10682005152425954,122.41970244740216,0.45781319021039124
2020,0.20230315157196035,0.6052853749417798,218977.48276665114,0.6742474103400076,0.17536096879366558,0.24900808037028394,5.307871448532836,0.23441481136469494,-8.077562878435026,0.5922217047042385,24.064741499767116,0.10062859804378202,124.05830810433173,0.4680300954820674
